meant=[NaN,1,2,3,4,5,6,7,8,9,10,11,12,13,14,15,16,17,18,19,20,21,22,23,24,25,26,27,28,29,30,31,32,33,34,35,36,37,38,39,40,41,42,43,44,45,46,47,48,49;
10,29.141,32.193,33.788,34.663,35.629,33.906,31.973,30.277,28.39,NaN,NaN,NaN,NaN,NaN,NaN,NaN,NaN,NaN,NaN,NaN,NaN,NaN,NaN,NaN,NaN,NaN,NaN,NaN,NaN,NaN,NaN,NaN,NaN,NaN,NaN,NaN,NaN,NaN,NaN,NaN,NaN,NaN,NaN,NaN,NaN,NaN,NaN,NaN,NaN;
15,43.039,46.479,48.657,50.669,52.17,54.136,53.288,53.579,52.651,51.571,49.185,46.293,42.242,40.835,NaN,NaN,NaN,NaN,NaN,NaN,NaN,NaN,NaN,NaN,NaN,NaN,NaN,NaN,NaN,NaN,NaN,NaN,NaN,NaN,NaN,NaN,NaN,NaN,NaN,NaN,NaN,NaN,NaN,NaN,NaN,NaN,NaN,NaN,NaN;
20,55.631,58.393,63.392,67.115,68.218,69.76,71.146,72.005,72.481,72.413,72.464,70.15,70.783,69.7,66.271,63.469,60.733,55.588,53.51,NaN,NaN,NaN,NaN,NaN,NaN,NaN,NaN,NaN,NaN,NaN,NaN,NaN,NaN,NaN,NaN,NaN,NaN,NaN,NaN,NaN,NaN,NaN,NaN,NaN,NaN,NaN,NaN,NaN,NaN;
25,67.934,71.254,77.444,79.461,83.76,84.554,87.237,89.529,88.857,90.433,91.601,91.143,92.23,91.17,90.04,88.094,87.147,86.66,82.733,80.774,78.135,71.798,68.627,65.962,NaN,NaN,NaN,NaN,NaN,NaN,NaN,NaN,NaN,NaN,NaN,NaN,NaN,NaN,NaN,NaN,NaN,NaN,NaN,NaN,NaN,NaN,NaN,NaN,NaN;
30,79.869,85.221,90.699,92.597,96.225,100.113,102.245,104.01,104.716,107.968,109.931,109.644,111.547,112.81,111.556,112.113,109.308,108.387,108.823,104.849,104.603,103.037,101.182,97.806,95.392,91.178,86.303,80.906,76.717,NaN,NaN,NaN,NaN,NaN,NaN,NaN,NaN,NaN,NaN,NaN,NaN,NaN,NaN,NaN,NaN,NaN,NaN,NaN,NaN;
35,90.813,97.992,101.988,107.008,114.275,114.834,117.368,118.279,123.157,124.251,124.839,129.207,129.535,130.963,129.539,129.897,131.191,129.565,130.721,129.655,129.829,127.921,123.91,124.457,121.122,117.34,118.736,115.766,112.403,106.953,102.899,97.327,90.74,90.03,NaN,NaN,NaN,NaN,NaN,NaN,NaN,NaN,NaN,NaN,NaN,NaN,NaN,NaN,NaN;
40,103.95,108.725,114.062,118.343,122.584,127.507,128.793,133.677,134.796,137.829,141.7,144.537,145.783,147.216,147.577,148.166,145.998,149.819,151.625,151.511,148.226,150.177,146.693,150.138,145.594,144.471,144.37,143.12,139.663,135.891,134.474,132.282,127.41,124.514,119.31,115.329,109.441,103.871,100.93,NaN,NaN,NaN,NaN,NaN,NaN,NaN,NaN,NaN,NaN;
45,116.307,123.205,124.95,131.523,135.562,140.434,146.222,151.268,152.852,152.986,155.735,158.817,159.88,163.497,165.408,165.557,167.778,165.807,168.15,169.827,167.576,169.922,167.731,169.111,168.091,166.746,164.837,165.828,162.572,165.292,163.738,157.049,156.229,153.231,152.243,148.491,145.9,142.853,139.407,133.301,129.29,122.794,117.815,113.282,NaN,NaN,NaN,NaN,NaN;
50,127.975,132.952,140.984,143.455,151.309,154.375,159.445,163.898,162.989,171.04,170.421,173.966,175.588,178.36,178.559,182.917,179.234,184.087,185.563,187.442,187.308,188.98,186.982,187.868,188.937,188.887,189.855,187.228,186.993,184.68,185.157,181.962,180.756,179.123,176.987,178.955,173.56,171.785,168.926,164.431,160.396,159.765,156.184,148.344,146.947,139.4,134.231,130.499,126.12];