meant=[NaN,0,1,2,3,4,5,6,7,8,9,10,11,12,13,14,15,16,17,18,19,20,21,22,23,24,25,26,27,28,29,30,31,32,33,34,35,36,37,38,39,40,41,42,43,44,45,46,47,48,49;
10,33.436,33.252,36.095,38.87,39.271,39.46,38.507,36.834,33.727,29.562,NaN,NaN,NaN,NaN,NaN,NaN,NaN,NaN,NaN,NaN,NaN,NaN,NaN,NaN,NaN,NaN,NaN,NaN,NaN,NaN,NaN,NaN,NaN,NaN,NaN,NaN,NaN,NaN,NaN,NaN,NaN,NaN,NaN,NaN,NaN,NaN,NaN,NaN,NaN,NaN;
15,48.702,46.78,50.822,54.803,57.109,58.222,58.921,60.028,58.966,59.227,57.164,54.504,51.533,47.376,42.344,NaN,NaN,NaN,NaN,NaN,NaN,NaN,NaN,NaN,NaN,NaN,NaN,NaN,NaN,NaN,NaN,NaN,NaN,NaN,NaN,NaN,NaN,NaN,NaN,NaN,NaN,NaN,NaN,NaN,NaN,NaN,NaN,NaN,NaN,NaN;
20,63.804,60.468,63.077,69.343,71.371,74.823,76.673,77.387,77.123,78.831,77.53,80.166,77.199,74.916,77.384,71.097,69.813,65.125,60.154,53.841,NaN,NaN,NaN,NaN,NaN,NaN,NaN,NaN,NaN,NaN,NaN,NaN,NaN,NaN,NaN,NaN,NaN,NaN,NaN,NaN,NaN,NaN,NaN,NaN,NaN,NaN,NaN,NaN,NaN,NaN;
25,79.105,71.372,77.071,81.388,87.123,91.077,91.153,94.089,97.936,96.566,98.676,98.293,99.204,97.456,97.703,97.099,94.444,93.637,93.619,90.629,87.955,81.964,79.69,72.23,67.619,NaN,NaN,NaN,NaN,NaN,NaN,NaN,NaN,NaN,NaN,NaN,NaN,NaN,NaN,NaN,NaN,NaN,NaN,NaN,NaN,NaN,NaN,NaN,NaN,NaN;
30,91.063,86.14,92.138,96.349,100.686,102.787,105.397,109.31,111.493,113.777,114.839,116.803,117.081,117.396,119.051,117.032,119.453,118.166,115.771,116.896,115.868,112.37,111.637,106.822,105.036,100.37,96.111,91.708,86.439,78.068,NaN,NaN,NaN,NaN,NaN,NaN,NaN,NaN,NaN,NaN,NaN,NaN,NaN,NaN,NaN,NaN,NaN,NaN,NaN,NaN;
35,108.01,98.388,103.336,107.966,115.223,115.459,120.672,123.398,129.311,129.094,132.224,133.496,134.768,136.465,137.798,137.566,137.586,135.616,139.582,140.3,135.208,135.045,137.314,135.575,131.173,130.364,128.704,125.319,120.055,117.408,114.423,110.011,103.554,98.307,91.404,NaN,NaN,NaN,NaN,NaN,NaN,NaN,NaN,NaN,NaN,NaN,NaN,NaN,NaN,NaN;
40,121.956,110.585,114.564,123.051,126.09,131.339,138.869,139.376,144.055,144.031,147.546,148.285,151.481,153.164,155.751,156.797,159.1,156.498,158.377,160.77,157.807,160.461,156.71,155.861,156.873,154.764,155.241,153.585,151.16,147.906,148.146,143.825,137.594,136.661,133.128,127.253,122.347,116.886,110.215,102.214,NaN,NaN,NaN,NaN,NaN,NaN,NaN,NaN,NaN,NaN;
45,135.442,123.78,130.822,135.418,142.373,142.285,148.856,150.303,157.676,158.618,160.245,168.091,164.808,172.106,171.228,175.01,174.351,177.913,175.652,176.642,179.29,179.894,178.862,176.108,178.254,175.705,176.654,176.401,175.484,173.012,172.331,169.97,169.349,167.213,162.291,158.741,158.979,152.782,148.22,146.572,138.567,135.478,128.047,122.601,115.169,NaN,NaN,NaN,NaN,NaN;
50,152.368,135.8,142.305,147.627,154.931,158.018,162.831,165.688,170.639,172.169,178.327,179.063,182.817,186.273,190.175,191.568,190.245,190.448,194.183,194.237,196.268,194.327,196.802,198.896,195.236,197.1,201.589,199.17,194.935,194.424,194.008,193.208,191.688,190.964,189.914,186.404,186.603,184.733,179.824,175.344,173.788,172.074,168.651,165.01,158.654,153.059,149.338,141.722,133.607,128.902];